787 88 27 129 94 318 237 369 84 331 97 166 155 114 218 370 909 389 171 411 196 208 175 235 407 87 310 322 589 399 
225 148 220 375 294 417 355 222 132 386 375 111 237 122 398 357 358 318 148 131 188 189 243 97 136 394 317 158 110 191 
590 697 326 216 477 629 288 393 355 608 561 304 319 429 614 286 547 402 481 361 332 443 862 316 206 433 810 601 332 470 
529 286 373 484 395 295 363 223 345 289 356 304 485 352 352 301 193 352 280 552 438 297 333 499 421 548 265 322 239 445 
512 635 388 317 825 575 286 148 661 264 271 386 368 459 186 491 272 259 261 575 299 291 286 816 464 156 300 515 711 411 
495 557 250 556 284 253 277 317 416 599 319 390 210 390 398 321 232 411 448 325 399 358 401 584 645 434 539 525 459 1160 
275 210 184 183 619 379 110 245 164 318 380 218 191 236 278 307 147 223 267 232 214 164 100 263 508 345 278 330 167 366 
325 538 218 207 151 500 344 220 166 462 144 397 383 366 521 245 442 389 119 277 215 420 177 99 266 133 181 187 274 125 
163 706 549 667 171 154 174 255 218 145 155 113 449 168 139 493 259 212 215 135 388 188 125 304 325 147 127 194 225 127 
428 148 427 233 86 335 183 687 346 317 594 389 112 467 228 155 383 464 298 84 157 352 138 379 83 176 517 430 527 120 
